        Verzögerungstabelle zur Einbindung in die Software                                                                                                                                                                                                                                                              
                                                                                                                                                                                                                                                                        
Synchronisatorpulse pro Umdrehung:                              256                                                                                                                                                                                                                                     
PLL-Faktor:     10                                                                                                                                                                                                                                                              
Pulse pro Umdrehung:            2560                                                                                                                                                                                                                                                    
         ,    Pulse, , , ,, , , , , , , , , , , , , , , , , , , , , , , , , , , , , , , , , , , , , , , , , , , , , , , , , , , , , , , , , 
Drehzahl, , 3,    7,    11,   15,   19,   23,   27,   31,   35,   39,   43,   47,   51,   55,   59,   63,   67,   71,   75,   79,   83,   87,   91,   95,   99,   103,  107,  111,  115,  119,  123,  127
/*  100 */ {1300, 1248, 1249, 1244, 1229, 1225, 1229, 1231, 1230, 1229, 1230, 1229, 1229, 1229, 1224, 1238, 1238, 1228, 1231, 1224, 1208, 1205, 1193, 1190, 1188, 1187, 1184, 1180, 1179, 1178, 1172, 1167}, 
/*  200 */ {1321, 1215, 1219, 1208, 1178, 1171, 1178, 1181, 1179, 1178, 1179, 1178, 1178, 1178, 1167, 1196, 1196, 1177, 1182, 1168, 1136, 1129, 1106, 1101, 1096, 1095, 1088, 1081, 1077, 1077, 1064, 1054},
/*  300 */ {1341, 1183, 1188, 1172, 1126, 1116, 1126, 1132, 1129, 1128, 1129, 1126, 1126, 1126, 1111, 1154, 1154, 1125, 1133, 1113, 1064, 1054, 1019, 1011, 1004, 1002, 992,  981,  976,  975,  956,  940}, 
/*  400 */ {1362, 1150, 1157, 1137, 1075, 1062, 1075, 1082, 1079, 1077, 1079, 1075, 1075, 1075, 1055, 1111, 1111, 1074, 1084, 1057, 992,  978,  932,  922,  911,  909,  895,  882,  875,  873,  848,  827}, 
/*  500 */ {1382, 1118, 1126, 1101, 1024, 1007, 1024, 1033, 1028, 1026, 1028, 1024, 1024, 1024, 998,  1069, 1069, 1022, 1035, 1001, 920,  903,  845,  832,  819,  816,  799,  782,  774,  772,  740,  714}, 
/*  600 */ {1403, 1085, 1096, 1065, 973,  952,  973,  983,  978,  975,  978,  973,  973,  973,  942,  1027, 1027, 971,  986,  945,  848,  828,  758,  742,  727,  724,  703,  683,  672,  670,  631,  601}, 
/*  700 */ {1423, 1053, 1065, 1029, 922,  898,  922,  934,  928,  925,  928,  922,  922,  922,  886,  985,  985,  919,  937,  889,  776,  752,  671,  653,  635,  631,  607,  583,  571,  568,  523,  488}, 
/*  800 */ {1444, 1021, 1034, 993,  870,  843,  870,  884,  877,  874,  877,  870,  870,  870,  829,  943,  943,  868,  888,  834,  704,  677,  584,  563,  543,  538,  511,  484,  470,  466,  415,  384}, 
/*  900 */ {1464, 988,  1004, 957,  819,  788,  819,  835,  827,  823,  827,  819,  819,  819,  773,  901,  901,  816,  839,  778,  632,  601,  497,  474,  451,  445,  415,  384,  384,  384,  384,  384}, 
/* 1000 */ {1485, 956,  973,  922,  768,  734,  768,  785,  777,  772,  777,  768,  768,  768,  717,  859,  859,  765,  790,  722,  560,  526,  410,  384},
/* 1100 */ {1505, 923,  942,  886,  717,  679,  717,  736,  726,  721,  726,  717,  717,  717,  660,  816,  816,  713,  741,  666,  488,  451}, 
/* 1200 */ {1526, 891,  911,  850,  666,  625,  666,  686,  676,  671,  676,  666,  666,  666,  604,  760,  760,  662,  689,  610},
/* 1300 */ {1546, 858,  881,  814,  614,  570,  614,  637,  625,  620,  625,  614,  614,  614,  548,  589,  589,  512,  512,  512},
/* 1400 */ {1567, 826,  850,  778,  563,  515,  563,  587,  575,  569,  575,  563,  563,  563,  492},
/* 1500 */ {1587, 794,  819,  742,  512,  461,  512,  538,  525,  518,  525,  512,  461,  410,  410},
/* 1600 */ {1246, 836,  734,  618,  384,  384,  384,  484,  497,  443,  402,  384},
/* 1700 */ {1244, 809,  700,  576,  384,  384,  384,  434,  448,  390,  384,  384},
/* 1800 */ {1242, 781,  666,  535,  384,  384,  384,  384,  399,  384,  384,  384},
/* 1900 */ {1239, 753,  631,  494,  384,  384,  384},
/* 2000 */ {1237, 717,  589,  452,  384,  384,  384},
