        Verzögerungstabelle zur Einbindung in die Software                                                                                                                                                                                                                                                              
                                                                                                                                                                                                                                                                        
Synchronisatorpulse pro Umdrehung:                              256                                                                                                                                                                                                                                     
PLL-Faktor:     10                                                                                                                                                                                                                                                              
Pulse pro Umdrehung:            2560                                                                                                                                                                                                                                                    
                Pulse                                                                                                                                                                                                                                                   
Drehzahl     3     7     11    15    19    23    27    31    35    39    43    47    51    55    59    63    67    71    75    79    83    87    91    95    99    103   107   111   115   119   123   127
/*  100 */  {1280, 1271, 1267, 1273, 1263, 1263, 1259, 1256, 1254, 1254, 1256, 1254, 1257, 1256, 1253, 1234, 1236, 1236, 1226, 1224, 1228, 1205, 1207, 1203, 1197, 1210, 1209, 1209, 1206, 1206, 1206, 1206},
/*  200 */  {1280, 1263, 1254, 1266, 1246, 1246, 1237, 1232, 1229, 1229, 1232, 1229, 1234, 1232, 1225, 1188, 1193, 1193, 1172, 1167, 1175, 1129, 1135, 1126, 1114, 1141, 1139, 1139, 1132, 1132, 1132, 1132},
/*  300 */  {1280, 1254, 1242, 1260, 1229, 1229, 1216, 1208, 1203, 1203, 1208, 1203, 1211, 1208, 1198, 1142, 1149, 1149, 1119, 1111, 1123, 1054, 1062, 1050, 1030, 1071, 1068, 1068, 1058, 1058, 1058, 1058}, 
/*  400 */  {1280, 1246, 1229, 1253, 1212, 1212, 1195, 1184, 1178, 1178, 1184, 1178, 1188, 1184, 1171, 1096, 1106, 1106, 1065, 1055, 1070, 978,  990,  973,  947,  1001, 998,  998,  984,  984,  984,  984}, 
/*  500 */  {1280, 1237, 1216, 1246, 1195, 1195, 1173, 1161, 1152, 1152, 1161, 1152, 1165, 1161, 1143, 1050, 1062, 1062, 1011, 998,  1018, 903,  917,  896,  864,  932,  927,  927,  910,  910,  910,  910}, 
/*  600 */  {1280, 1229, 1203, 1239, 1178, 1178, 1152, 1137, 1126, 1126, 1137, 1126, 1142, 1137, 1116, 1004, 1019, 1019, 957,  942,  966,  828,  845,  819,  781,  862,  857,  857,  836,  836,  836,  836}, 
/*  700 */  {1280, 1220, 1190, 1232, 1161, 1161, 1131, 1113, 1101, 1101, 1113, 1101, 1119, 1113, 1089, 957,  975,  975,  904,  886,  913,  752,  772,  742,  698,  792,  786,  786,  762,  762,  762,  762}, 
/*  800 */  {1280, 1212, 1178, 1225, 1143, 1143, 1109, 1089, 1075, 1075, 1089, 1075, 1096, 1089, 1062, 911,  932,  932,  850,  829,  861,  677,  700,  666,  614,  722,  716,  716,  688,  688,  688,  688}, 
/*  900 */  {1280, 1203, 1165, 1219, 1126, 1126, 1088, 1065, 1050, 1050, 1065, 1050, 1073, 1065, 1034, 865,  888,  888,  796,  773,  809,  601,  627,  589,  531,  653,  640,  640,  614,  589,  589,  589}, 
/* 1000 */  {1280, 1195, 1152, 1212, 1109, 1109, 1067, 1041, 1024, 1024, 1041, 1024, 1050, 1041, 1007, 819,  845,  845,  742,  717,  756,  526,  555,  512,  448},
/* 1100 */  {1280, 1186, 1139, 1205, 1092, 1092, 1045, 1017, 998,  998,  1017, 998,  1027, 1017, 980,  773,  801,  801,  689,  660,  704,  451},
/* 1200 */  {1280, 1178, 1126, 1198, 1075, 1075, 1024, 993,  973,  973,  993,  973,  1004, 993,  952,  727,  758,  758,  635,  604,  651},
/* 1300 */  {1280, 1169, 1114, 1191, 1058, 1058, 1003, 969,  947,  947,  969,  947,  980,  969,  925,  681,  714,  714,  581,  548,  599},
/* 1400 */  {1280, 1161, 1101, 1184, 1041, 1041, 981,  945,  922,  922,  945,  922,  957,  945,  898,  635,  671,  666,  527,  492},
/* 1500 */  {1280, 1152, 1088, 1075, 1024, 1024, 960,  922,  896,  896,  922,  896,  896,  870,  845,  589,  627,  512,  474,  435},
/* 1600 */  {1007, 939,  884,  720,  734,  693,  734,  625,  693,  666,  675,  620,  565,  565,  511,  484},
/* 1700 */  {990,  917,  859,  685,  700,  656,  700,  584,  656,  627,  637,  579,  521,  521,  463,  434},
/* 1800 */  {973,  896,  835,  650,  666,  620,  666,  543,  620,  589,  538,  512,  476,  461,  410,  384},
/* 1900 */  {956,  875,  810,  615,  631,  583,  603,  502,  530,  506},
/* 2000 */  {939,  853,  785,  580,  589,  538,  486,  435,  410,  384},
